    31.47731   -121.99999       0.00       0.00       0.00
    31.47731   -109.00000       0.00       1.00       1.00
    31.47731    -96.00001       0.00       2.00       2.00
    31.47731    -83.00002       0.00       3.00       3.00
    31.47731    -70.00002       0.00       4.00       4.00
    31.47731    -57.00003       0.00       5.00       5.00
    31.47731    -44.00004       0.00       6.00       6.00
    31.47731    -31.00005       0.00       7.00       7.00
    31.47731    -18.00006       0.00       8.00       8.00
    31.47731     -5.00006       0.00       9.00       9.00
    31.47731      7.99993       0.00      10.00      10.00
    31.47731     20.99992       0.00      11.00      11.00
    31.47731     33.99992       0.00      12.00      12.00
    31.47731     46.99991       0.00      13.00      13.00
    31.47731     59.99990       0.00      14.00      14.00
    31.47731     72.99989       0.00      15.00      15.00
    31.47731     85.99989       0.00      16.00      16.00
    31.47731     98.99988       0.00      17.00      17.00
    31.47731    111.99987       0.00      18.00      18.00
    31.47731    124.99986       0.00      19.00      19.00
    31.47731    137.99985       0.00      20.00      20.00
    18.48667   -121.99999       1.00       0.00      21.00
    18.48667   -109.00000       1.00       1.00      22.00
    18.48667    -96.00001       1.00       2.00      23.00
    18.48667    -83.00002       1.00       3.00      24.00
    18.48667    -70.00002       1.00       4.00      25.00
    18.48667    -57.00003       1.00       5.00      26.00
    18.48667    -44.00004       1.00       6.00      27.00
    18.48667    -31.00005       1.00       7.00      28.00
    18.48667    -18.00006       1.00       8.00      29.00
    18.48667     -5.00006       1.00       9.00      30.00
    18.48667      7.99993       1.00      10.00      31.00
    18.48667     20.99992       1.00      11.00      32.00
    18.48667     33.99992       1.00      12.00      33.00
    18.48667     46.99991       1.00      13.00      34.00
    18.48667     59.99990       1.00      14.00      35.00
    18.48667     72.99989       1.00      15.00      36.00
    18.48667     85.99989       1.00      16.00      37.00
    18.48667     98.99988       1.00      17.00      38.00
    18.48667    111.99987       1.00      18.00      39.00
    18.48667    124.99986       1.00      19.00      40.00
    18.48667    137.99985       1.00      20.00      41.00
     5.49604   -121.99999       2.00       0.00      42.00
     5.49604   -109.00000       2.00       1.00      43.00
     5.49604    -96.00001       2.00       2.00      44.00
     5.49604    -83.00002       2.00       3.00      45.00
     5.49604    -70.00002       2.00       4.00      46.00
     5.49604    -57.00003       2.00       5.00      47.00
     5.49604    -44.00004       2.00       6.00      48.00
     5.49604    -31.00005       2.00       7.00      49.00
     5.49604    -18.00006       2.00       8.00      50.00
     5.49604     -5.00006       2.00       9.00      51.00
     5.49604      7.99993       2.00      10.00      52.00
     5.49604     20.99992       2.00      11.00      53.00
     5.49604     33.99992       2.00      12.00      54.00
     5.49604     46.99991       2.00      13.00      55.00
     5.49604     59.99990       2.00      14.00      56.00
     5.49604     72.99989       2.00      15.00      57.00
     5.49604     85.99989       2.00      16.00      58.00
     5.49604     98.99988       2.00      17.00      59.00
     5.49604    111.99987       2.00      18.00      60.00
     5.49604    124.99986       2.00      19.00      61.00
     5.49604    137.99985       2.00      20.00      62.00
    -7.49459   -121.99999       3.00       0.00      63.00
    -7.49459   -109.00000       3.00       1.00      64.00
    -7.49459    -96.00001       3.00       2.00      65.00
    -7.49459    -83.00002       3.00       3.00      66.00
    -7.49459    -70.00002       3.00       4.00      67.00
    -7.49459    -57.00003       3.00       5.00      68.00
    -7.49459    -44.00004       3.00       6.00      69.00
    -7.49459    -31.00005       3.00       7.00      70.00
    -7.49459    -18.00006       3.00       8.00      71.00
    -7.49459     -5.00006       3.00       9.00      72.00
    -7.49459      7.99993       3.00      10.00      73.00
    -7.49459     20.99992       3.00      11.00      74.00
    -7.49459     33.99992       3.00      12.00      75.00
    -7.49459     46.99991       3.00      13.00      76.00
    -7.49459     59.99990       3.00      14.00      77.00
    -7.49459     72.99989       3.00      15.00      78.00
    -7.49459     85.99989       3.00      16.00      79.00
    -7.49459     98.99988       3.00      17.00      80.00
    -7.49459    111.99987       3.00      18.00      81.00
    -7.49459    124.99986       3.00      19.00      82.00
    -7.49459    137.99985       3.00      20.00      83.00
   -20.48522   -121.99999       4.00       0.00      84.00
   -20.48522   -109.00000       4.00       1.00      85.00
   -20.48522    -96.00001       4.00       2.00      86.00
   -20.48522    -83.00002       4.00       3.00      87.00
   -20.48522    -70.00002       4.00       4.00      88.00
   -20.48522    -57.00003       4.00       5.00      89.00
   -20.48522    -44.00004       4.00       6.00      90.00
   -20.48522    -31.00005       4.00       7.00      91.00
   -20.48522    -18.00006       4.00       8.00      92.00
   -20.48522     -5.00006       4.00       9.00      93.00
   -20.48522      7.99993       4.00      10.00      94.00
   -20.48522     20.99992       4.00      11.00      95.00
   -20.48522     33.99992       4.00      12.00      96.00
   -20.48522     46.99991       4.00      13.00      97.00
   -20.48522     59.99990       4.00      14.00      98.00
   -20.48522     72.99989       4.00      15.00      99.00
   -20.48522     85.99989       4.00      16.00     100.00
   -20.48522     98.99988       4.00      17.00     101.00
   -20.48522    111.99987       4.00      18.00     102.00
   -20.48522    124.99986       4.00      19.00     103.00
   -20.48522    137.99985       4.00      20.00     104.00
   -33.47586   -121.99999       5.00       0.00     105.00
   -33.47586   -109.00000       5.00       1.00     106.00
   -33.47586    -96.00001       5.00       2.00     107.00
   -33.47586    -83.00002       5.00       3.00     108.00
   -33.47586    -70.00002       5.00       4.00     109.00
   -33.47586    -57.00003       5.00       5.00     110.00
   -33.47586    -44.00004       5.00       6.00     111.00
   -33.47586    -31.00005       5.00       7.00     112.00
   -33.47586    -18.00006       5.00       8.00     113.00
   -33.47586     -5.00006       5.00       9.00     114.00
   -33.47586      7.99993       5.00      10.00     115.00
   -33.47586     20.99992       5.00      11.00     116.00
   -33.47586     33.99992       5.00      12.00     117.00
   -33.47586     46.99991       5.00      13.00     118.00
   -33.47586     59.99990       5.00      14.00     119.00
   -33.47586     72.99989       5.00      15.00     120.00
   -33.47586     85.99989       5.00      16.00     121.00
   -33.47586     98.99988       5.00      17.00     122.00
   -33.47586    111.99987       5.00      18.00     123.00
   -33.47586    124.99986       5.00      19.00     124.00
   -33.47586    137.99985       5.00      20.00     125.00
