      0.00      0.00000      0.00000      0.00000      0.00000      0.00000      0.00000      0.00000      0.00000      0.07222      0.10197   1000.00000    137.00000   1000.00000   1000.00000
      0.00      0.00000      1.00000      0.00000      0.00000      0.00000      0.00000      0.00000      0.00000      0.05625      0.08634   1000.00000    140.00000   1000.00000   1000.00000
      1.00      0.00000      2.00000      0.40167      0.01579     37.28778      0.02562      1.32940      0.06034      0.04874      0.05513    197.52844    140.00000      1.42107    203.70110
      1.00      0.00000      3.00000      0.49492      0.01593     37.29024      0.01782      1.12883      0.04196      0.04532      0.04481    141.23332    140.00000      1.01607    147.40598
      1.00      0.00000      4.00000      0.52389      0.01664     37.25443      0.01653      1.06154      0.03893      0.04590      0.04489    136.75432    140.00000      0.98384    142.92699
      1.00      0.00000      5.00000      0.52458      0.01729     37.21066      0.01643      1.01654      0.03869      0.04667      0.04648    141.91304    140.00000      1.02096    148.08569
      1.00      0.00000      6.00000      0.46731      0.01565     37.26181      0.01849      1.12627      0.04355      0.04446      0.04672    156.84070    140.00000      1.12835    163.01337
      1.00      0.00000      7.00000      0.45830      0.01569     37.40400      0.01962      1.16889      0.04620      0.04541      0.04948    170.97029    140.00000      1.23000    177.14296
      1.00      0.00000      8.00000      0.55509      0.01828     37.45170      0.01817      1.12563      0.04280      0.05192      0.04866    124.76746    140.00000      0.89761    130.94012
      1.00      0.00000      9.00000      0.70737      0.01907     37.43844      0.01539      1.16408      0.03623      0.05508      0.05363    135.37000    140.00000      0.97388    141.54265
      2.00      0.00000     10.00000      0.37413      0.06369     37.16506      0.02668      0.57514      0.08748      0.05111      0.04799    125.20952    137.00000      0.92066    137.82716
      2.00      0.00000     10.00000      0.60577      0.04955     37.58561      0.05026      1.33878      0.05567      0.05111      0.04799    125.20952    137.00000      0.92066    137.82716
      1.00      0.00000     11.00000      0.79642      0.01590     37.48163      0.01262      1.28848      0.02971      0.04834      0.05161    162.02396    140.00000      1.16564    168.19662
      1.00      0.00000     12.00000      0.66008      0.01644     37.60084      0.01496      1.22479      0.03523      0.04873      0.05181    162.41624    140.00000      1.16846    168.58890
      1.00      0.00000     13.00000      0.46806      0.01789     37.75082      0.01939      1.03457      0.04565      0.04871      0.05188    162.66583    140.00000      1.17026    168.83849
      1.00      0.00000     14.00000      0.34361      0.02151     37.89535      0.02374      0.77360      0.05591      0.05065      0.04944    135.37419    140.00000      0.97392    141.54684
      1.00      0.00000     15.00000      0.31268      0.02343     37.96258      0.02536      0.69018      0.05972      0.05212      0.05030    142.72203    140.00000      1.02678    148.89468
      0.00      0.00000     16.00000      0.00000      0.00000      0.00000      0.00000      0.00000      0.00000      0.05387      0.05255   1000.00000    140.00000   1000.00000   1000.00000
      0.00      0.00000     17.00000      0.00000      0.00000      0.00000      0.00000      0.00000      0.00000      0.05387      0.05555   1000.00000    140.00000   1000.00000   1000.00000
      0.00      0.00000     18.00000      0.00000      0.00000      0.00000      0.00000      0.00000      0.00000      0.05611      0.05575   1000.00000    140.00000   1000.00000   1000.00000
      1.00      1.00000      0.00000      0.32833      0.01117     36.26339      0.06664      3.99695      0.15808      0.05967      0.12927    675.52289    140.00000      4.85988    681.69556
      1.00      1.00000      1.00000      0.42122      0.01175     37.12660      0.02782      2.03316      0.06551      0.04487      0.09506    726.66431    140.00000      5.22780    732.83698
      1.00      1.00000      2.00000      0.57429      0.01203     37.29040      0.01426      1.38767      0.03357      0.03795      0.04805    266.62482    140.00000      1.91816    272.79745
      1.00      1.00000      3.00000      0.66660      0.01279     37.29681      0.01167      1.24052      0.02748      0.03813      0.03402    116.75313    140.00000      0.83995    122.92579
      1.00      1.00000      4.00000      0.67833      0.01312     37.28320      0.01092      1.15128      0.02571      0.03769      0.03355    113.55129    140.00000      0.81692    119.72395
      1.00      1.00000      5.00000      0.63182      0.01357     37.27712      0.01153      1.09536      0.02716      0.03802      0.03624    130.04195    140.00000      0.93555    136.21461
      1.00      1.00000      6.00000      0.55495      0.01337     37.35324      0.01383      1.17031      0.03256      0.03873      0.03843    139.88454    140.00000      1.00636    146.05721
      1.00      1.00000      7.00000      0.55094      0.01286     37.48638      0.01389      1.21350      0.03271      0.03793      0.04138    170.69650    140.00000      1.22803    176.86916
      1.00      1.00000      8.00000      0.61814      0.01370     37.51872      0.01352      1.24436      0.03184      0.04090      0.04377    162.67586    140.00000      1.17033    168.84853
      1.00      1.00000      9.00000      0.74404      0.01360     37.47493      0.01190      1.32733      0.02801      0.04195      0.05537    252.00954    140.00000      1.81302    258.18219
      2.00      1.00000     10.00000      0.82290      0.13952     37.28228      0.02843      1.02071      0.07093      0.04089      0.04558    176.73859    137.00000      1.29955    189.35623
      2.00      1.00000     10.00000      0.28653      0.05582     38.23794      0.32837      1.69486      0.40179      0.04089      0.04558    176.73859    137.00000      1.29955    189.35623
      2.00      1.00000     11.00000      0.20735      0.01787     38.94367      0.03570      0.73602      0.08456      0.04073      0.04158    150.55367    137.00000      1.10701    163.17130
      2.00      1.00000     11.00000      0.95578      0.01373     37.45753      0.01023      1.31136      0.02670      0.04073      0.04158    150.55367    137.00000      1.10701    163.17130
      1.00      1.00000     12.00000      0.81490      0.01233     37.61974      0.01029      1.38776      0.02424      0.03888      0.04690    207.27481    140.00000      1.49119    213.44746
      1.00      1.00000     13.00000      0.63473      0.01349     37.77225      0.01230      1.18043      0.02897      0.03924      0.04606    195.72218    140.00000      1.40807    201.89485
      1.00      1.00000     14.00000      0.50009      0.01562     37.91549      0.01418      0.92591      0.03339      0.04023      0.04318    166.23909    140.00000      1.19596    172.41174
      1.00      1.00000     15.00000      0.46093      0.01744     37.97589      0.01446      0.77960      0.03406      0.04122      0.04221    168.46974    140.00000      1.21201    174.64240
      1.00      1.00000     16.00000      0.37558      0.01893     37.99265      0.01810      0.73224      0.04262      0.04337      0.04411    180.66476    140.00000      1.29975    186.83743
      1.00      1.00000     17.00000      0.23194      0.02042     38.03065      0.02802      0.64914      0.06599      0.04405      0.04452    176.35481    140.00000      1.26874    182.52748
      0.00      1.00000     18.00000      0.00000      0.00000      0.00000      0.00000      0.00000      0.00000      0.04775      0.04339   1000.00000    140.00000   1000.00000   1000.00000
      2.00      2.00000      0.00000      0.64408      0.01674     37.42984      0.01856      1.36300      0.04546      0.05203      0.09599    500.49136    137.00000      3.68008    513.10901
      2.00      2.00000      0.00000      0.32551      0.01475     34.85824      0.04175      1.80463      0.10588      0.05203      0.09599    500.49136    137.00000      3.68008    513.10901
      1.00      2.00000      1.00000      0.65899      0.01230     37.34230      0.01359      1.48443      0.03200      0.04013      0.09035    898.59094    140.00000      6.46468    904.76361
      1.00      2.00000      2.00000      0.75282      0.01143     37.33727      0.01015      1.36425      0.02391      0.03573      0.04895    309.62741    140.00000      2.22754    315.80008
      1.00      2.00000      3.00000      0.80296      0.01233     37.33902      0.00973      1.29205      0.02291      0.03752      0.03643    137.13087    140.00000      0.98655    143.30354
      1.00      2.00000      4.00000      0.76221      0.01242     37.33534      0.00975      1.22057      0.02297      0.03674      0.03176    107.15719    140.00000      0.77092    113.32985
      1.00      2.00000      5.00000      0.67742      0.01225     37.34429      0.01017      1.14705      0.02395      0.03513      0.03250    124.51277    140.00000      0.89578    130.68542
      1.00      2.00000      6.00000      0.60019      0.01257     37.41278      0.01209      1.17793      0.02848      0.03651      0.03605    140.31946    140.00000      1.00949    146.49213
      1.00      2.00000      7.00000      0.57977      0.01200     37.51828      0.01281      1.26150      0.03016      0.03610      0.03887    165.51846    140.00000      1.19078    171.69113
      1.00      2.00000      8.00000      0.60635      0.01191     37.55612      0.01321      1.37176      0.03111      0.03734      0.04261    186.47736    140.00000      1.34156    192.65002
      2.00      2.00000      9.00000      0.21064      0.01388     38.76143      0.07360      1.15578      0.14595      0.03590      0.04081    184.59816    137.00000      1.35734    197.21581
      2.00      2.00000      9.00000      0.74041      0.01355     37.40656      0.02122      1.17879      0.04246      0.03590      0.04081    184.59816    137.00000      1.35734    197.21581
      2.00      2.00000     10.00000      0.91985      0.01482     37.31937      0.01644      1.12786      0.03218      0.03653      0.04319    199.14148    137.00000      1.46428    211.75912
      2.00      2.00000     10.00000      0.32984      0.01291     38.70895      0.04961      1.26448      0.10202      0.03653      0.04319    199.14148    137.00000      1.46428    211.75912
      2.00      2.00000     11.00000      0.98223      0.02128     37.36316      0.02380      1.18499      0.04004      0.03934      0.04275    167.70482    137.00000      1.23312    180.32246
      2.00      2.00000     11.00000      0.35267      0.01772     38.67185      0.07137      1.28313      0.12469      0.03934      0.04275    167.70482    137.00000      1.23312    180.32246
      1.00      2.00000     12.00000      0.88451      0.01145     37.68664      0.01023      1.61212      0.02410      0.03893      0.04809    216.74805    140.00000      1.55934    222.92072
      1.00      2.00000     13.00000      0.76625      0.01217     37.84078      0.01084      1.39212      0.02553      0.03844      0.04143    165.27179    140.00000      1.18901    171.44444
      1.00      2.00000     14.00000      0.65044      0.01250     37.97128      0.01079      1.14553      0.02541      0.03581      0.04219    202.46477    140.00000      1.45658    208.63742
      1.00      2.00000     15.00000      0.60465      0.01455     37.99988      0.01120      0.94919      0.02637      0.03795      0.04313    204.82452    140.00000      1.47356    210.99719
      1.00      2.00000     16.00000      0.53610      0.01693     37.99382      0.01277      0.82501      0.03008      0.04117      0.04486    215.60951    140.00000      1.55115    221.78218
      1.00      2.00000     17.00000      0.38569      0.01749     38.02240      0.01643      0.73855      0.03868      0.04025      0.04023    192.88092    140.00000      1.38763    199.05357
      1.00      2.00000     18.00000      0.22828      0.01992     38.11081      0.02902      0.67805      0.06833      0.04392      0.03865    127.49956    140.00000      0.91726    133.67223
      0.00      2.00000     19.00000      0.00000      0.00000      0.00000      0.00000      0.00000      0.00000      0.06187      0.05485   1000.00000    140.00000   1000.00000   1000.00000
      0.00      2.00000     20.00000      0.00000      0.00000      0.00000      0.00000      0.00000      0.00000      0.09731      0.08828   1000.00000    140.00000   1000.00000   1000.00000
      2.00      3.00000      0.00000      0.31389      0.01634     34.85108      0.03278      1.28160      0.07825      0.04937      0.07439    329.85080    137.00000      2.42537    342.46844
      2.00      3.00000      0.00000      0.80406      0.01613     37.42380      0.01296      1.31531      0.03095      0.04937      0.07439    329.85080    137.00000      2.42537    342.46844
      1.00      3.00000      1.00000      0.79414      0.01285     37.39444      0.01084      1.36546      0.02552      0.04022      0.07658    600.87604    140.00000      4.32285    607.04871
      1.00      3.00000      2.00000      0.79778      0.01210     37.38695      0.01007      1.35489      0.02372      0.03770      0.04630    229.64044    140.00000      1.65209    235.81310
      1.00      3.00000      3.00000      0.76276      0.01249     37.39678      0.01060      1.31997      0.02495      0.03841      0.03762    136.29495    140.00000      0.98054    142.46761
      1.00      3.00000      4.00000      0.66249      0.01281     37.39038      0.01216      1.28231      0.02863      0.03884      0.03359    106.42251    140.00000      0.76563    112.59517
      1.00      3.00000      5.00000      0.55537      0.01248     37.37526      0.01369      1.24202      0.03223      0.03724      0.03355    116.10184    140.00000      0.83527    122.27450
      1.00      3.00000      6.00000      0.47425      0.01237     37.39232      0.01694      1.32372      0.03988      0.03812      0.03863    147.79207    140.00000      1.06325    153.96474
      1.00      3.00000      7.00000      0.43358      0.01154     37.46117      0.01917      1.46921      0.04515      0.03745      0.03948    159.32295    140.00000      1.14621    165.49562
      1.00      3.00000      8.00000      0.44063      0.01085     37.53027      0.01876      1.55396      0.04418      0.03621      0.03899    166.29021    140.00000      1.19633    172.46288
      2.00      3.00000      9.00000      0.20746      0.01359     38.83606      0.04731      0.99085      0.10517      0.03520      0.03565    148.33958    137.00000      1.09073    160.95723
      2.00      3.00000      9.00000      0.54890      0.01207     37.40051      0.02010      1.24149      0.04838      0.03520      0.03565    148.33958    137.00000      1.09073    160.95723
      2.00      3.00000     10.00000      0.33706      0.01316     38.81341      0.03216      1.10580      0.07349      0.03648      0.03809    157.73270    137.00000      1.15980    170.35036
      2.00      3.00000     10.00000      0.68373      0.01267     37.32064      0.01648      1.19511      0.03878      0.03648      0.03809    157.73270    137.00000      1.15980    170.35036
      2.00      3.00000     11.00000      0.39428      0.01607     38.72672      0.04528      1.15890      0.08716      0.03966      0.04008    145.70613    137.00000      1.07137    158.32378
      2.00      3.00000     11.00000      0.75010      0.01481     37.36059      0.02482      1.22818      0.04904      0.03966      0.04008    145.70613    137.00000      1.07137    158.32378
      2.00      3.00000     12.00000      0.22816      0.03444     38.82451      0.04614      0.77367      0.10896      0.04092      0.03660    113.61261    137.00000      0.83539    126.23026
      2.00      3.00000     12.00000      0.74771      0.01314     37.67815      0.03162      1.53229      0.06492      0.04092      0.03660    113.61261    137.00000      0.83539    126.23026
      1.00      3.00000     13.00000      0.72763      0.01219     37.95809      0.01263      1.53628      0.02973      0.04047      0.03757    122.38982    140.00000      0.88050    128.56248
      1.00      3.00000     14.00000      0.67276      0.01235     38.06213      0.01184      1.31517      0.02788      0.03792      0.03866    151.12726    140.00000      1.08725    157.29993
      1.00      3.00000     15.00000      0.62669      0.01389     38.03550      0.01298      1.19422      0.03057      0.04065      0.04509    190.20212    140.00000      1.36836    196.37479
      1.00      3.00000     16.00000      0.62493      0.01602     37.99156      0.01287      1.02405      0.03030      0.04339      0.05080    239.36511    140.00000      1.72205    245.53778
      1.00      3.00000     17.00000      0.54938      0.01633     38.01817      0.01289      0.88450      0.03036      0.04112      0.04172    196.59160    140.00000      1.41433    202.76427
      1.00      3.00000     18.00000      0.40803      0.01838     38.08076      0.01794      0.81216      0.04224      0.04435      0.03656    110.23907    140.00000      0.79309    116.41173
      1.00      3.00000     19.00000      0.33841      0.02732     38.12428      0.02853      0.72070      0.06719      0.06210      0.05573    117.33181    140.00000      0.84411    123.50447
      0.00      3.00000     20.00000      0.00000      0.00000      0.00000      0.00000      0.00000      0.00000      0.09906      0.09239   1000.00000    140.00000   1000.00000   1000.00000
      2.00      4.00000      0.00000      0.26860      0.02031     34.92120      0.03599      0.96986      0.08512      0.05349      0.06273    195.96709    137.00000      1.44093    208.58473
      2.00      4.00000      0.00000      0.84885      0.01728     37.38027      0.01338      1.34083      0.03170      0.05349      0.06273    195.96709    137.00000      1.44093    208.58473
      1.00      4.00000      1.00000      0.78711      0.01421     37.37446      0.01247      1.40815      0.02936      0.04516      0.06498    315.65506    140.00000      2.27090    321.82773
      1.00      4.00000      2.00000      0.70122      0.01343     37.39071      0.01339      1.42602      0.03153      0.04293      0.04569    164.05415    140.00000      1.18025    170.22682
      1.00      4.00000      3.00000      0.59469      0.01336     37.41896      0.01522      1.38114      0.03584      0.04205      0.03997    128.36208    140.00000      0.92347    134.53474
      1.00      4.00000      4.00000      0.47041      0.01404     37.40752      0.02014      1.37657      0.04743      0.04410      0.03763    104.20005    140.00000      0.74964    110.37271
      1.00      4.00000      5.00000      0.36212      0.01305     37.34079      0.02626      1.48592      0.06185      0.04260      0.03996    124.98631    140.00000      0.89918    131.15897
      1.00      4.00000      6.00000      0.29304      0.01199     37.25328      0.03427      1.70840      0.08071      0.04196      0.04374    154.31828    140.00000      1.11020    160.49097
      1.00      4.00000      7.00000      0.25905      0.01163     37.28087      0.04024      1.82759      0.09475      0.04210      0.03946    124.75998    140.00000      0.89755    130.93265
      1.00      4.00000      8.00000      0.24818      0.01074     37.45928      0.04052      1.90972      0.09541      0.03973      0.03787    129.73708    140.00000      0.93336    135.90973
      1.00      4.00000      9.00000      0.26894      0.00980     37.64448      0.03849      2.15459      0.09064      0.03851      0.04423    190.25803    140.00000      1.36876    196.43069
      2.00      4.00000     10.00000      0.24788      0.01632     38.93588      0.03498      0.87043      0.08084      0.03987      0.03681    122.99349    137.00000      0.90436    135.61115
      2.00      4.00000     10.00000      0.37605      0.01297     37.38483      0.02941      1.41268      0.07597      0.03987      0.03681    122.99349    137.00000      0.90436    135.61115
      2.00      4.00000     11.00000      0.27247      0.02159     38.90454      0.03451      0.79917      0.07917      0.04200      0.03960    126.27117    137.00000      0.92846    138.88882
      2.00      4.00000     11.00000      0.42266      0.01296     37.50038      0.03660      1.58236      0.08967      0.04200      0.03960    126.27117    137.00000      0.92846    138.88882
      1.00      4.00000     12.00000      0.48237      0.01168     37.94100      0.02280      1.92016      0.05369      0.04334      0.04491    154.16466    140.00000      1.10910    160.33733
      1.00      4.00000     13.00000      0.54667      0.01365     38.08403      0.01899      1.55021      0.04471      0.04552      0.04583    144.10933    140.00000      1.03676    150.28198
      1.00      4.00000     14.00000      0.54908      0.01454     38.15371      0.01824      1.40393      0.04294      0.04614      0.04383    129.60013    140.00000      0.93238    135.77280
      1.00      4.00000     15.00000      0.53506      0.01471     38.06839      0.01907      1.41434      0.04491      0.04685      0.04718    152.34645    140.00000      1.09602    158.51910
      1.00      4.00000     16.00000      0.61046      0.01664     37.98983      0.01567      1.17220      0.03690      0.04824      0.05297    198.88905    140.00000      1.43086    205.06171
      1.00      4.00000     17.00000      0.64988      0.01820     38.02367      0.01259      0.91681      0.02964      0.04665      0.04395    159.62321    140.00000      1.14837    165.79587
      1.00      4.00000     18.00000      0.57804      0.02035     38.06316      0.01425      0.82501      0.03355      0.04950      0.04107    107.51663    140.00000      0.77350    113.68929
      1.00      4.00000     19.00000      0.52960      0.02819     38.06920      0.02083      0.79799      0.04904      0.06742      0.06406    130.73524    140.00000      0.94054    136.90791
      0.00      4.00000     20.00000      0.00000      0.00000      0.00000      0.00000      0.00000      0.00000      0.11265      0.10778   1000.00000    140.00000   1000.00000   1000.00000
      1.00      5.00000      0.00000      0.78555      0.02073     37.32027      0.01868      1.44347      0.04398      0.06668      0.08215    228.18214    140.00000      1.64160    234.35480
      1.00      5.00000      1.00000      0.70348      0.01699     37.32436      0.01778      1.50104      0.04187      0.05574      0.06486    197.30342    140.00000      1.41945    203.47607
      1.00      5.00000      2.00000      0.57736      0.01580     37.34640      0.02052      1.52920      0.04833      0.05232      0.05613    164.17152    140.00000      1.18109    170.34418
      1.00      5.00000      3.00000      0.44328      0.01591     37.38400      0.02591      1.47224      0.06101      0.05169      0.05273    147.87038    140.00000      1.06382    154.04303
      1.00      5.00000      4.00000      0.33124      0.01674     37.37299      0.03661      1.47677      0.08620      0.05448      0.05280    133.37759    140.00000      0.95955    139.55026
      0.00      5.00000      5.00000      0.00000      0.00000      0.00000      0.00000      0.00000      0.00000      0.05339      0.05516   1000.00000    140.00000   1000.00000   1000.00000
      0.00      5.00000      6.00000      0.00000      0.00000      0.00000      0.00000      0.00000      0.00000      0.05333      0.05701   1000.00000    140.00000   1000.00000   1000.00000
      0.00      5.00000      7.00000      0.00000      0.00000      0.00000      0.00000      0.00000      0.00000      0.05491      0.04775   1000.00000    140.00000   1000.00000   1000.00000
      0.00      5.00000      8.00000      0.00000      0.00000      0.00000      0.00000      0.00000      0.00000      0.05390      0.04410   1000.00000    140.00000   1000.00000   1000.00000
      0.00      5.00000      9.00000      0.00000      0.00000      0.00000      0.00000      0.00000      0.00000      0.05051      0.04678   1000.00000    140.00000   1000.00000   1000.00000
      0.00      5.00000     10.00000      0.00000      0.00000      0.00000      0.00000      0.00000      0.00000      0.05173      0.04529   1000.00000    137.00000   1000.00000   1000.00000
      0.00      5.00000     11.00000      0.00000      0.00000      0.00000      0.00000      0.00000      0.00000      0.05351      0.04874   1000.00000    137.00000   1000.00000   1000.00000
      1.00      5.00000     12.00000      0.29680      0.01539     38.01780      0.04809      1.89099      0.11325      0.05668      0.05744    147.90891    140.00000      1.06409    154.08157
      1.00      5.00000     13.00000      0.37880      0.01860     38.18103      0.03528      1.46469      0.08307      0.06028      0.06101    146.06958    140.00000      1.05086    152.24225
      1.00      5.00000     14.00000      0.40479      0.01928     38.20456      0.03336      1.42800      0.07855      0.06170      0.05734    122.73451    140.00000      0.88298    128.90717
      1.00      5.00000     15.00000      0.43684      0.01840     38.06256      0.03049      1.47593      0.07180      0.05986      0.05609    127.67263    140.00000      0.91851    133.84529
      1.00      5.00000     16.00000      0.57009      0.02063     37.97908      0.02031      1.14438      0.04783      0.05910      0.05840    153.85229    140.00000      1.10685    160.02495
      1.00      5.00000     17.00000      0.68221      0.02333     38.02836      0.01455      0.86771      0.03426      0.05818      0.05395    143.72975    140.00000      1.03403    149.90240
      1.00      5.00000     18.00000      0.68582      0.02592     38.05958      0.01455      0.78504      0.03426      0.06149      0.05731    131.58278    140.00000      0.94664    137.75545
      1.00      5.00000     19.00000      0.68336      0.03409     38.05940      0.01946      0.79543      0.04582      0.08141      0.08180    146.45593    140.00000      1.05364    152.62860
      1.00      5.00000     20.00000      0.70619      0.05533     38.05632      0.03370      0.87728      0.07936      0.13874      0.13827    145.83147    140.00000      1.04915    152.00412
